../../../.git/annex/objects/VX/zP/MD5E-s490255--e8413be3eac80397d491c0d65c03526f.tsv/MD5E-s490255--e8413be3eac80397d491c0d65c03526f.tsv